// TIMECYC ULTRA V2 (SANDOSS)
// SANDOS GAME (author)

//////////// EXTRASUNNY_LA
//Amb			Amb_Obj	Dir			Sky top			Sky bot		SunCore		SunCorona	SunSz	SprSz	SprBght	Shdw	LightShd	PoleShd	FarClp	FogSt	LightOnGround	LowCloudsRGB	BottomCloudRGB	WaterRGBA			Alpha1	RGB1			Alpha2	RGB2		CloudAlpha		Illumination
//Midnight
27 27 27	81 81 81	255 255 255	33 50 75	50 71 87   255 255 250	 254 128 1	1.00 1.00 1.00    190 200 15	2000.00 -30 3.00   71 78 86     71 78 86    121 148 169 240 	195 100 107 123	  195 105 114 134	255 180 180 0.03
//5AM
25 25 25    150 150 150 	255 255 255	229 178 138	102 112 120   255 255 250	 254 128 1	1.00 1.00 1.00    190 200 15	2000.00 -30 2.50   71 78 86 	 71 78 86	     121 148 169 240	195 100 107 123	  195 105 114 134	255 180 180 0.03
//6AM
50 50 50   95 95 95	255 255 255	 43 69 94    149 150 136   255 255 250	 254 128 1	4.50 1.00 1.00    190 200 15	2000.00 -30 2.00   158 133 91	 158 133 91	     121 148 169 240	195 189 165 140	  195 208 152 70 	255 255 255 0.03
//7AM
35 35 35	170 170 170	    255 255 255	  73 106 140    159 166 181   255 255 250	 254 128 1	3.20 1.00 1.00    190 200 15	2000.00 -25 0.80   255 255 255	 225 225 225	 121 148 169 240	195 160 160 160   195 125 137 149	255 255 255 0.03
//Midday
30 30 30	95 95 95	255 255 255	58 73 95	213 218 221	255 255 250	102 102 102	0.6 1 1 255 255 255 800 400 2.7	251 255 251	255 255 255	50 128 128 128	127 155 155 155	195  160 160 160	0 255 0  0.03
//7PM
36 36 36	170 170 170  	255 255 255	  73 99 125     172 147 122	  255 255 250	 254 128 1	3.20 1.00 1.00    190 200 15	2000.00 -25 0.60   244 145 110	 50 128 128 128	 121 148 169 240	195 160 160 160   195 125 137 149	255 255 255 0.03
//8PM
20 20 20	150 150 150 	235 235 235	  171 103 150   180 152 113	  255 255 250	 254 128 1	3.50 1.00 1.00    190 200 15	2000.00 -30 2.50   147 94 157	 147 94 157 	 121 148 169 240	195 189 165 140	  195 195 161 114	255 255 255 0.03
//10PM
20 20 20	120 120 120 	200 200 200	  55 60 66	    67 73 80	  255 255 250	 254 128 1	1.00 1.00 1.00    190 200 15	2000.00 -30 3.00   71 78 86 	 71 78 86	     121 148 169 240	195 100 107 123	  195 105 114 134	255 180 180 0.03
//
//////////// SUNNY_LA
//Amb			Amb_Obj	Dir			Sky top			Sky bot		SunCore		SunCorona	SunSz	SprSz	SprBght	Shdw	LightShd	PoleShd	FarClp	FogSt	LightOnGround	LowCloudsRGB	BottomCloudRGB	WaterRGBA			Alpha1	RGB1			Alpha2	RGB2		CloudAlpha		Illumination
//Midnight
27 27 27	220 212 130	255 255 255	29 41 52	54 54 54     255 255 250	 254 128 1	1.00 1.00 1.00    190 200 15	2000.00 -30 3.00   40 42 45 	 40 42 45	     121 148 169 240 	195 101 107 113	  195 100 114 128	255 200 200 0.03
//5AM
13 13 13	135 135 135 	200 200 200   50 53 56	    70 72 77	  255 255 250	 254 128 1	1.00 1.00 1.00    190 200 15	2000.00 -30 2.50   40 42 45 	 40 42 45	     121 148 169 240	195 101 107 113	  195 100 114 128	255 200 200 0.03
//6AM
5 5 5	210 194 182	255 255 255	70 102 141	130 101 91	  255 255 250	 254 128 1	4.50 1.00 1.00    190 200 15	2000.00 -30 2.00   192 165 121	 192 165 121     121 148 169 240	195 170 151 130	  195 195 161 114 	255 255 255 0.03
//7AM
35 35 35	170 170 170	    255 255 255	  70 87 111     162 170 182   255 255 250	 254 128 1	3.20 1.00 1.00    190 200 15	2000.00 -25 0.80   255 255 255	 225 225 225	 121 148 169 240	195 190 190 190   195 112 126 142	255 255 255 0.03
//Midday
27 27 27	95 95 95	255 255 255	23 61 104     47 103 143  	255 255 255	102 102 102	0.6 1 1 255 255 255 800 400 2.7	251 255 251	255 255 255	125 221 255 240	127 155 155 155	195 190 190 190  	255 255 255  0.03
//7PM
25 25 25	170 170 170  	255 255 255	  59 75 98      182 146 96	  255 255 250	 254 128 1	3.20 1.00 1.00    190 200 15	2000.00 -25 0.60   232 148 119	 232 148 119	 121 148 169 240	195 190 190 190   195 112 123 142	255 255 255 0.03
//8PM
15 15 15	150 150 150 	255 255 255	  158 137 138   117 94 124	  255 255 250	 254 128 1	3.50 1.00 1.00    190 200 15	2000.00 -30 2.50   221 177 140	 221 177 140 	 121 148 169 240	195 160 129 149	  195 133 104 150	255 255 255 0.03
//10PM
13 13 13	135 135 135 	200 200 200	  50 53 56	    70 72 77	  255 255 250	 254 128 1	1.00 1.00 1.00    190 200 15	2000.00 -30 3.00   40 42 45 	 40 42 45	     121 148 169 240	195 101 107 113	  195 100 114 128	255 200 200 0.03
//
//////////// EXTRASUNNY_SMOG_LA
//Amb			Amb_Obj	Dir			Sky top			Sky bot		SunCore		SunCorona	SunSz	SprSz	SprBght	Shdw	LightShd	PoleShd	FarClp	FogSt	LightOnGround	LowCloudsRGB	BottomCloudRGB	WaterRGBA			Alpha1	RGB1			Alpha2	RGB2		CloudAlpha		Illumination
//Midnight
27 27 27    120 120 120     200 200 200	  55 60 66	    67 73 80      255 255 250	 254 128 1	1.00 1.00 1.00    190 200 15	2000.00 -30 3.00   71 78 86 	 71 78 86	     121 148 169 240 	195 100 107 123	  195 105 114 134	255 180 180 0.03
//5AM
20 20 20	120 120 120 	200 200 200   55 60 66	    67 73 80	  255 255 250	 254 128 1	1.00 1.00 1.00    190 200 15	2000.00 -30 2.50   71 78 86 	 71 78 86	     121 148 169 240	195 100 107 123	  195 105 114 134	255 180 180 0.03
//6AM
0 0 0	120 120 120	255 255 255	54 63 79	130 124 63	  255 255 250	 254 128 1	4.50 1.00 1.00    190 200 15	2000.00 -30 2.00   158 133 91	 158 133 91	     121 148 169 240	195 189 165 140	  195 195 161 114 	255 255 255 0.03
//7AM
35 35 35	170 170 170	    255 255 255	  73 106 140    159 166 181   255 255 250	 254 128 1	3.20 1.00 1.00    190 200 15	2000.00 -25 0.80   255 255 255	 225 225 225	 121 148 169 240	195 160 160 160   195 125 137 149	255 255 255 0.03
//Midday
4 16 4     255 255 255	255 255 255	 33 52 79	100 114 130    255 255 250	102 102 102	0.6 1 1 255 255 255 800 400 2.7	251 255 251	255 255 255	125 221 255 240	127 155 155 155	127 132 132 132	0 255 0  0.03
//7PM
36 36 36	170 170 170  	255 255 255	  73 99 125     172 147 122	  255 255 250	 254 128 1	3.20 1.00 1.00    190 200 15	2000.00 -25 0.60   244 145 110	 244 145 110	 121 148 169 240	195 160 160 160   195 125 137 149	255 255 255 0.03
//8PM
20 20 20	150 150 150 	235 235 235	  171 103 150   180 152 113	  255 255 250	 254 128 1	3.50 1.00 1.00    190 200 15	2000.00 -30 2.50   147 94 157	 147 94 157 	 121 148 169 240	195 189 165 140	  195 195 161 114	255 255 255 0.03
//10PM
20 20 20	120 120 120 	200 200 200	  55 60 66	    67 73 80	  255 255 250	 254 128 1	1.00 1.00 1.00    190 200 15	2000.00 -30 3.00   71 78 86 	 71 78 86	     121 148 169 240	195 100 107 123	  195 105 114 134	255 180 180 0.03
//
//////////// SUNNY_SMOG_LA
//Amb			Amb_Obj	Dir			Sky top			Sky bot		SunCore		SunCorona	SunSz	SprSz	SprBght	Shdw	LightShd	PoleShd	FarClp	FogSt	LightOnGround	LowCloudsRGB	BottomCloudRGB	WaterRGBA			Alpha1	RGB1			Alpha2	RGB2		CloudAlpha		Illumination
//Midnight
27 27 27	77 77 77	255 255 255	27 43 65	46 53 60   255 255 250	 254 128 1	1.00 1.00 1.00    190 200 15	2000.00 -30 3.00   40 42 45 	 40 42 45	     121 148 169 240 	195 101 107 113	  195 100 114 128	255 200 200 0.03
//5AM
13 13 13	135 135 135 	200 200 200   50 53 56	    70 72 77	  255 255 250	 254 128 1	1.00 1.00 1.00    190 200 15	2000.00 -30 2.50   40 42 45 	 40 42 45	     121 148 169 240	195 101 107 113	  195 100 114 128	255 200 200 0.03
//6AM
10 10 10	255 255 255	255 255 255	40 57 76	158 174 157	  255 255 250	 254 128 1	4.50 1.00 1.00    190 200 15	2000.00 -30 2.00   192 165 121	 192 165 121     121 148 169 240	195 170 151 130	  195 195 161 114 	255 255 255 0.03
//7AM
35 35 35	170 170 170	    255 255 255	  70 87 111     162 170 182   255 255 250	 254 128 1	3.20 1.00 1.00    190 200 15	2000.00 -25 0.80   255 255 255	 225 225 225	 121 148 169 240	195 190 190 190   195 112 126 142	255 255 255 0.03
//Midday
20 20 20	100 100 100       255 255 255   40 57 76	158 174 157	255 255 255	102 102 102	0.6 1 1 255 255 255 800 400 2.7	251 255 251	255 255 255	125 221 255 240	127 155 155 155	195  160 160 160	0 255 0  0.03
//7PM
25 25 25	170 170 170  	255 255 255	  59 75 98      182 146 96	  255 255 250	 254 128 1	3.20 1.00 1.00    190 200 15	2000.00 -25 0.60   232 148 119	 232 148 119	 121 148 169 240	195 190 190 190   195 112 123 142	255 255 255 0.03
//8PM
15 15 15	150 150 150 	255 255 255	  158 137 138   117 94 124	  255 255 250	 254 128 1	3.50 1.00 1.00    190 200 15	2000.00 -30 2.50   221 177 140	 221 177 140 	 121 148 169 240	195 160 129 149	  195 133 104 150	255 255 255 0.03
//10PM
13 13 13	135 135 135 	200 200 200	  50 53 56	    70 72 77	  255 255 250	 254 128 1	1.00 1.00 1.00    190 200 15	2000.00 -30 3.00   40 42 45 	 40 42 45	     121 148 169 240	195 101 107 113	  195 100 114 128	255 200 200 0.03
//
//////////// CLOUDY_LA
//Amb			Amb_Obj	Dir			Sky top			Sky bot		SunCore		SunCorona	SunSz	SprSz	SprBght	Shdw	LightShd	PoleShd	FarClp	FogSt	LightOnGround	LowCloudsRGB	BottomCloudRGB	WaterRGBA			Alpha1	RGB1			Alpha2	RGB2		CloudAlpha		Illumination
//Midnight
13 13 13	135 135 135     200 200 200	  40 40 40	     60 60 60        255 255 255	 255 255 255	0.50 0.30 1.00    190 200 15	2000.00 -30 3.00   35 35 35    35 35 35	   121 148 169 240 	195 140 140 140	  195 135 135 135	255 200 200 0.03
//5AM
13 13 13	135 135 135 	200 200 200   40 40 40	     60 60 60	     255 255 255	 255 255 255	0.50 0.30 1.00    190 200 15	2000.00 -30 2.50   35 35 35    35 35 35	   121 148 169 240	195 140 140 140	  195 135 135 135	255 200 200 0.03
//6AM
14 14 14    145 145 145 	220 220 220	  110 110 110    120 120 120	 255 255 255	 255 255 255	0.50 0.30 1.00    190 200 15	2000.00 -30 2.00   79 79 79	   79 79 79    121 148 169 240	195 140 140 140	  195 145 145 145 	255 255 255 0.03
//7AM
20 20 20	170 170 170	    220 220 220	  112 112 112    130 130 130     255 255 255	 255 255 255	0.50 0.30 1.00    190 200 15	2000.00 -25 0.80   79 79 79	   79 79 79	   121 148 169 240	195 140 140 140   195 170 170 170	255 255 255 0.03
//Midday
30 30 30	170 170 170 	220 220 220	  112 112 112    130 130 130	 255 255 255	 255 255 255	0.50 0.30 1.00    190 200 15	2000.00 -25 0.00   79 79 79	   79 79 79	   121 148 169 240	195 140 140 140	  195 170 170 170	255 255 255 0.03
//7PM
20 20 20	170 170 170  	220 220 220	  112 112 112    130 130 130	 255 255 255	 255 255 255	0.50 0.30 1.00    190 200 15	2000.00 -25 0.60   79 79 79	   79 79 79	   121 148 169 240	195 140 140 140   195 170 170 170	255 255 255 0.03
//8PM
14 14 14	150 150 150 	220 220 220	  110 110 110    120 120 120	 255 255 255	 255 255 255	0.50 0.30 1.00    190 200 15	2000.00 -30 2.50   79 79 79	   79 79 79    121 148 169 240	195 140 140 140	  195 150 150 150	255 255 255 0.03
//10PM
13 13 13	135 135 135 	200 200 200	  40 40 40	     60 60 60	     255 255 255	 255 255 255	0.50 0.30 1.00    190 200 15	2000.00 -30 3.00   35 35 35    35 35 35	   121 148 169 240	195 140 140 140	  195 135 135 135	255 200 200 0.03
//
//////////// SUNNY_SF
//Amb			Amb_Obj	Dir			Sky top			Sky bot		SunCore		SunCorona	SunSz	SprSz	SprBght	Shdw	LightShd	PoleShd	FarClp	FogSt	LightOnGround	LowCloudsRGB	BottomCloudRGB	WaterRGBA			Alpha1	RGB1			Alpha2	RGB2		CloudAlpha		Illumination
//Midnight
13 13 13	135 135 135     200 200 200	  50 53 56	    70 72 77      255 255 250	 254 128 1	1.00 1.00 1.00    190 200 15	2000.00 -30 3.00   40 42 45 	 40 42 45	     121 148 169 240 	195 101 107 113	  195 100 114 128	255 200 200 0.03
//5AM
13 13 13	135 135 135 	200 200 200   50 53 56	    70 72 77	  255 255 250	 254 128 1	1.00 1.00 1.00    190 200 15	2000.00 -30 2.50   40 42 45 	 40 42 45	     121 148 169 240	195 101 107 113	  195 100 114 128	255 200 200 0.03
//6AM
30 30 30    145 145 145 	255 255 255	  116 121 118   187 164 127	  255 255 250	 254 128 1	4.50 1.00 1.00    190 200 15	2000.00 -30 2.00   192 165 121	 192 165 121     121 148 169 240	195 170 151 130	  195 195 161 114 	255 255 255 0.03
//7AM
35 35 35	170 170 170	    255 255 255	  70 87 111     162 170 182   255 255 250	 254 128 1	3.20 1.00 1.00    190 200 15	2000.00 -25 0.80   255 255 255	 225 225 225	 121 148 169 240	195 190 190 190   195 112 126 142	255 255 255 0.03
//Midday
35 35 35	170 170 170 	255 255 255	  77 97 126     159 170 187	  255 255 250	 254 128 1	3.20 1.00 1.00    190 200 15	2000.00 -25 0.00   255 255 255	 255 255 255	 121 148 169 240	195 190 190 190	  195 112 126 142	255 255 255 0.03
//7PM
25 25 25	170 170 170  	255 255 255	  59 75 98      182 146 96	  255 255 250	 254 128 1	3.20 1.00 1.00    190 200 15	2000.00 -25 0.60   232 148 119	 232 148 119	 121 148 169 240	195 190 190 190   195 112 123 142	255 255 255 0.03
//8PM
15 15 15	150 150 150 	255 255 255	  158 137 138   117 94 124	  255 255 250	 254 128 1	3.50 1.00 1.00    190 200 15	2000.00 -30 2.50   221 177 140	 221 177 140 	 121 148 169 240	195 160 129 149	  195 133 104 150	255 255 255 0.03
//10PM
13 13 13	135 135 135 	200 200 200	  50 53 56	    70 72 77	  255 255 250	 254 128 1	1.00 1.00 1.00    190 200 15	2000.00 -30 3.00   40 42 45 	 40 42 45	     121 148 169 240	195 101 107 113	  195 100 114 128	255 200 200 0.03
//
//////////// EXTRASUNNY_SF
//Amb			Amb_Obj	Dir			Sky top			Sky bot		SunCore		SunCorona	SunSz	SprSz	SprBght	Shdw	LightShd	PoleShd	FarClp	FogSt	LightOnGround	LowCloudsRGB	BottomCloudRGB	WaterRGBA			Alpha1	RGB1			Alpha2	RGB2		CloudAlpha		Illumination
//Midnight
20 20 20	120 120 120     200 200 200	  55 60 66	    67 73 80      255 255 250	 254 128 1	1.00 1.00 1.00    190 200 15	2000.00 -30 3.00   71 78 86 	 71 78 86	     121 148 169 240 	195 100 107 123	  195 105 114 134	255 180 180 0.03
//5AM
20 20 20	120 120 120 	200 200 200   55 60 66	    67 73 80	  255 255 250	 254 128 1	1.00 1.00 1.00    190 200 15	2000.00 -30 2.50   71 78 86 	 71 78 86	     121 148 169 240	195 100 107 123	  195 105 114 134	255 180 180 0.03
//6AM
25 25 25    170 170 170 	235 235 235	  166 155 135   184 158 131	  255 255 250	 254 128 1	4.50 1.00 1.00    190 200 15	2000.00 -30 2.00   158 133 91	 158 133 91	     121 148 169 240	195 189 165 140	  195 195 161 114 	255 255 255 0.03
//7AM
35 35 35	170 170 170	    255 255 255	  73 106 140    159 166 181   255 255 250	 254 128 1	3.20 1.00 1.00    190 200 15	2000.00 -25 0.80   255 255 255	 225 225 225	 121 148 169 240	195 160 160 160   195 125 137 149	255 255 255 0.03
//Midday
36 36 36	170 170 170 	255 255 255	  73 106 140    159 166 181	  255 255 250	 254 128 1	3.20 1.00 1.00    190 200 15	2000.00 -25 0.00   255 255 255	 255 255 255	 121 148 169 240	195 160 160 160	  195 125 137 149	255 255 255 0.03
//7PM
36 36 36	170 170 170  	255 255 255	  73 99 125     172 147 122	  255 255 250	 254 128 1	3.20 1.00 1.00    190 200 15	2000.00 -25 0.60   244 145 110	 244 145 110	 121 148 169 240	195 160 160 160   195 125 137 149	255 255 255 0.03
//8PM
20 20 20	150 150 150 	235 235 235	  171 103 150   180 152 113	  255 255 250	 254 128 1	3.50 1.00 1.00    190 200 15	2000.00 -30 2.50   147 94 157	 147 94 157 	 121 148 169 240	195 189 165 140	  195 195 161 114	255 255 255 0.03
//10PM
20 20 20	120 120 120 	200 200 200	  55 60 66	    67 73 80	  255 255 250	 254 128 1	1.00 1.00 1.00    190 200 15	2000.00 -30 3.00   71 78 86 	 71 78 86	     121 148 169 240	195 100 107 123	  195 105 114 134	255 180 180 0.03
//
//////////// CLOUDY_SF
//Amb			Amb_Obj	Dir			Sky top			Sky bot		SunCore		SunCorona	SunSz	SprSz	SprBght	Shdw	LightShd	PoleShd	FarClp	FogSt	LightOnGround	LowCloudsRGB	BottomCloudRGB	WaterRGBA			Alpha1	RGB1			Alpha2	RGB2		CloudAlpha		Illumination
//Midnight
13 13 13	135 135 135     200 200 200	  40 40 40	     60 60 60        255 255 255	 255 255 255	0.50 0.30 1.00    190 200 15	2000.00 -30 3.00   35 35 35    35 35 35	   121 148 169 240 	195 140 140 140	  195 135 135 135	255 200 200 0.03
//5AM
13 13 13	135 135 135 	200 200 200   40 40 40	     60 60 60	     255 255 255	 255 255 255	0.50 0.30 1.00    190 200 15	2000.00 -30 2.50   35 35 35    35 35 35	   121 148 169 240	195 140 140 140	  195 135 135 135	255 200 200 0.03
//6AM
14 14 14    145 145 145 	220 220 220	  110 110 110    120 120 120	 255 255 255	 255 255 255	0.50 0.30 1.00    190 200 15	2000.00 -30 2.00   79 79 79	   79 79 79    121 148 169 240	195 140 140 140	  195 145 145 145 	255 255 255 0.03
//7AM
20 20 20	170 170 170	    220 220 220	  112 112 112    130 130 130     255 255 255	 255 255 255	0.50 0.30 1.00    190 200 15	2000.00 -25 0.80   79 79 79	   79 79 79	   121 148 169 240	195 140 140 140   195 170 170 170	255 255 255 0.03
//Midday
20 20 20	170 170 170 	220 220 220	  112 112 112    130 130 130	 255 255 255	 255 255 255	0.50 0.30 1.00    190 200 15	2000.00 -25 0.00   79 79 79	   79 79 79	   121 148 169 240	195 140 140 140	  195 170 170 170	255 255 255 0.03
//7PM
20 20 20	170 170 170  	220 220 220	  112 112 112    130 130 130	 255 255 255	 255 255 255	0.50 0.30 1.00    190 200 15	2000.00 -25 0.60   79 79 79	   79 79 79	   121 148 169 240	195 140 140 140   195 170 170 170	255 255 255 0.03
//8PM
14 14 14	150 150 150 	220 220 220	  110 110 110    120 120 120	 255 255 255	 255 255 255	0.50 0.30 1.00    190 200 15	2000.00 -30 2.50   79 79 79	   79 79 79    121 148 169 240	195 140 140 140	  195 150 150 150	255 255 255 0.03
//10PM
13 13 13	135 135 135 	200 200 200	  40 40 40	     60 60 60	     255 255 255	 255 255 255	0.50 0.30 1.00    190 200 15	2000.00 -30 3.00   35 35 35    35 35 35	   121 148 169 240	195 140 140 140	  195 135 135 135	255 200 200 0.03
//
//////////// RAINY_SF
//Amb			Amb_Obj	Dir			Sky top			Sky bot		SunCore		SunCorona	SunSz	SprSz	SprBght	Shdw	LightShd	PoleShd	FarClp	FogSt	LightOnGround	LowCloudsRGB	BottomCloudRGB	WaterRGBA			Alpha1	RGB1			Alpha2	RGB2		CloudAlpha		Illumination
//Midnight
20 20 20      120 120 120   200 200 200	 72 72 72	  173 173 173     255 255 255	 255 255 255	0.00 0.00 0.00    190 200 15	2000.00 -30 3.00   35 35 35    35 35 35	   121 148 169 240 	195 140 140 140	  195 135 135 135	255 200 200 0.02
//5AM
13 13 13	135 135 135 	200 200 200   40 40 40	     60 60 60	 255 255 255	 255 255 255	0.00 0.00 0.00    190 200 15	2000.00 -30 2.50   35 35 35    35 35 35	   121 148 169 240	195 140 140 140	  195 135 135 135	255 200 200 0.02
//6AM
14 14 14    145 145 145 	220 220 220	  60 60 58    127 128 126	 255 255 255	 255 255 255	0.00 0.00 0.00    190 200 15	2000.00 -30 2.00   79 79 79	   79 79 79    121 148 169 240	195 140 140 140	  195 145 145 145 	255 255 255 0.02
//7AM
20 20 20	170 170 170	    220 220 220	  64 64 62    131 130 128    255 255 255	 255 255 255	0.00 0.00 0.00    190 200 15	2000.00 -25 0.80   79 79 79	   79 79 79	   121 148 169 240	195 140 140 140   195 170 170 170	255 255 255 0.02
//Midday
124 124 125	120 120 120 	220 220 220	  160 160 161    160 160 161	 255 255 255	 255 255 255	0.00 0.00 0.00    190 200 15	2000.00 -25 0.00   79 79 79	   79 79 79	   121 148 169 240	195 140 140 140	  195 170 170 170	255 255 255 0.02
//7PM
20 20 20	170 170 170  	220 220 220	  64 64 62    131 130 128	 255 255 255	 255 255 255	0.00 0.00 0.00    190 200 15	2000.00 -25 0.60   79 79 79	   79 79 79	   121 148 169 240	195 140 140 140   195 170 170 170	255 255 255 0.02
//8PM
14 14 14	150 150 150 	220 220 220	  60 60 58    127 128 126	 255 255 255	 255 255 255	0.00 0.00 0.00    190 200 15	2000.00 -30 2.50   79 79 79	   79 79 79    121 148 169 240	195 140 140 140	  195 150 150 150	255 255 255 0.02
//10PM
13 13 13	135 135 135 	200 200 200	  40 40 40	     60 60 60	 255 255 255	 255 255 255	0.00 0.00 0.00    190 200 15	2000.00 -30 3.00   35 35 35    35 35 35	   121 148 169 240	195 140 140 140	  195 135 135 135	255 200 200 0.02
//
//////////// FOGGY_SF
//Amb			Amb_Obj	Dir			Sky top			Sky bot		SunCore		SunCorona	SunSz	SprSz	SprBght	Shdw	LightShd	PoleShd	FarClp	FogSt	LightOnGround	LowCloudsRGB	BottomCloudRGB	WaterRGBA			Alpha1	RGB1			Alpha2	RGB2		CloudAlpha		Illumination
//Midnight
13 13 13	135 135 135     200 200 200	  40 40 40	     60 60 60        255 255 255	 255 255 255	0.50 0.30 1.00    190 200 15	2000.00 -30 3.00   35 35 35    35 35 35	   121 148 169 240 	195 140 140 140	  195 135 135 135	255 200 200 0.03
//5AM
13 13 13	135 135 135 	200 200 200   40 40 40	     60 60 60	     255 255 255	 255 255 255	0.50 0.30 1.00    190 200 15	2000.00 -30 2.50   35 35 35    35 35 35	   121 148 169 240	195 140 140 140	  195 135 135 135	255 200 200 0.03
//6AM
14 14 14    145 145 145 	220 220 220	  110 110 110    120 120 120	 255 255 255	 255 255 255	0.50 0.30 1.00    190 200 15	2000.00 -30 2.00   79 79 79	   79 79 79    121 148 169 240	195 140 140 140	  195 145 145 145 	255 255 255 0.03
//7AM
20 20 20	170 170 170	    220 220 220	  112 112 112    130 130 130     255 255 255	 255 255 255	0.50 0.30 1.00    190 200 15	2000.00 -25 0.80   79 79 79	   79 79 79	   121 148 169 240	195 140 140 140   195 170 170 170	255 255 255 0.03
//Midday
20 20 20	170 170 170 	220 220 220	  112 112 112    130 130 130	 255 255 255	 255 255 255	0.50 0.30 1.00    190 200 15	2000.00 -25 0.00   79 79 79	   79 79 79	   121 148 169 240	195 140 140 140	  195 170 170 170	255 255 255 0.03
//7PM
20 20 20	170 170 170  	220 220 220	  112 112 112    130 130 130	 255 255 255	 255 255 255	0.50 0.30 1.00    190 200 15	2000.00 -25 0.60   79 79 79	   79 79 79	   121 148 169 240	195 140 140 140   195 170 170 170	255 255 255 0.03
//8PM
14 14 14	150 150 150 	220 220 220	  110 110 110    120 120 120	 255 255 255	 255 255 255	0.50 0.30 1.00    190 200 15	2000.00 -30 2.50   79 79 79	   79 79 79    121 148 169 240	195 140 140 140	  195 150 150 150	255 255 255 0.03
//10PM
13 13 13	135 135 135 	200 200 200	  40 40 40	     60 60 60	     255 255 255	 255 255 255	0.50 0.30 1.00    190 200 15	2000.00 -30 3.00   35 35 35    35 35 35	   121 148 169 240	195 140 140 140	  195 135 135 135	255 200 200 0.03
//
//////////// SUNNY_VEGAS
//Amb			Amb_Obj	Dir			Sky top			Sky bot		SunCore		SunCorona	SunSz	SprSz	SprBght	Shdw	LightShd	PoleShd	FarClp	FogSt	LightOnGround	LowCloudsRGB	BottomCloudRGB	WaterRGBA			Alpha1	RGB1			Alpha2	RGB2		CloudAlpha		Illumination
//Midnight
13 13 13	135 135 135     200 200 200	  50 53 56	    70 72 77      255 255 250	 254 128 1	1.00 1.00 1.00    190 200 15	2000.00 -30 3.00   40 42 45 	 40 42 45	     121 148 169 240 	195 101 107 113	  195 100 114 128	255 200 200 0.03
//5AM
13 13 13	135 135 135 	200 200 200   50 53 56	    70 72 77	  255 255 250	 254 128 1	1.00 1.00 1.00    190 200 15	2000.00 -30 2.50   40 42 45 	 40 42 45	     121 148 169 240	195 101 107 113	  195 100 114 128	255 200 200 0.03
//6AM
30 30 30    145 145 145 	255 255 255	  116 121 118   187 164 127	  255 255 250	 254 128 1	4.50 1.00 1.00    190 200 15	2000.00 -30 2.00   192 165 121	 192 165 121     121 148 169 240	195 170 151 130	  195 195 161 114 	255 255 255 0.03
//7AM
35 35 35	170 170 170	    255 255 255	  70 87 111     162 170 182   255 255 250	 254 128 1	3.20 1.00 1.00    190 200 15	2000.00 -25 0.80   255 255 255	 225 225 225	 121 148 169 240	195 190 190 190   195 112 126 142	255 255 255 0.03
//Midday
35 35 35	170 170 170 	255 255 255	  77 97 126     159 170 187	  255 255 250	 254 128 1	3.20 1.00 1.00    190 200 15	2000.00 -25 0.00   255 255 255	 255 255 255	 121 148 169 240	195 190 190 190	  195 112 126 142	255 255 255 0.03
//7PM
25 25 25	170 170 170  	255 255 255	  59 75 98      182 146 96	  255 255 250	 254 128 1	3.20 1.00 1.00    190 200 15	2000.00 -25 0.60   232 148 119	 232 148 119	 121 148 169 240	195 190 190 190   195 112 123 142	255 255 255 0.03
//8PM
15 15 15	150 150 150 	255 255 255	  158 137 138   117 94 124	  255 255 250	 254 128 1	3.50 1.00 1.00    190 200 15	2000.00 -30 2.50   221 177 140	 221 177 140 	 121 148 169 240	195 160 129 149	  195 133 104 150	255 255 255 0.03
//10PM
13 13 13	135 135 135 	200 200 200	  50 53 56	    70 72 77	  255 255 250	 254 128 1	1.00 1.00 1.00    190 200 15	2000.00 -30 3.00   40 42 45 	 40 42 45	     121 148 169 240	195 101 107 113	  195 100 114 128	255 200 200 0.03
//
//////////// EXTRASUNNY_VEGAS
//Amb			Amb_Obj	Dir			Sky top			Sky bot		SunCore		SunCorona	SunSz	SprSz	SprBght	Shdw	LightShd	PoleShd	FarClp	FogSt	LightOnGround	LowCloudsRGB	BottomCloudRGB	WaterRGBA			Alpha1	RGB1			Alpha2	RGB2		CloudAlpha		Illumination
//Midnight
20 20 20	120 120 120     200 200 200	  55 60 66	    67 73 80      255 255 250	 254 128 1	1.00 1.00 1.00    190 200 15	2000.00 -30 3.00   71 78 86 	 71 78 86	     121 148 169 240 	195 100 107 123	  195 105 114 134	255 180 180 0.03
//5AM
20 20 20	120 120 120 	200 200 200   55 60 66	    67 73 80	  255 255 250	 254 128 1	1.00 1.00 1.00    190 200 15	2000.00 -30 2.50   71 78 86 	 71 78 86	     121 148 169 240	195 100 107 123	  195 105 114 134	255 180 180 0.03
//6AM
25 25 25    170 170 170 	235 235 235	  166 155 135   184 158 131	  255 255 250	 254 128 1	4.50 1.00 1.00    190 200 15	2000.00 -30 2.00   158 133 91	 158 133 91	     121 148 169 240	195 189 165 140	  195 195 161 114 	255 255 255 0.03
//7AM
35 35 35	170 170 170	    255 255 255	  73 106 140    159 166 181   255 255 250	 254 128 1	3.20 1.00 1.00    190 200 15	2000.00 -25 0.80   255 255 255	 225 225 225	 121 148 169 240	195 160 160 160   195 125 137 149	255 255 255 0.03
//Midday
36 36 36	170 170 170 	255 255 255	  73 106 140    159 166 181	  255 255 250	 254 128 1	3.20 1.00 1.00    190 200 15	2000.00 -25 0.00   255 255 255	 255 255 255	 121 148 169 240	195 160 160 160	  195 125 137 149	255 255 255 0.03
//7PM
36 36 36	170 170 170  	255 255 255	  73 99 125     172 147 122	  255 255 250	 254 128 1	3.20 1.00 1.00    190 200 15	2000.00 -25 0.60   244 145 110	 244 145 110	 121 148 169 240	195 160 160 160   195 125 137 149	255 255 255 0.03
//8PM
20 20 20	150 150 150 	235 235 235	  171 103 150   180 152 113	  255 255 250	 254 128 1	3.50 1.00 1.00    190 200 15	2000.00 -30 2.50   147 94 157	 147 94 157 	 121 148 169 240	195 189 165 140	  195 195 161 114	255 255 255 0.03
//10PM
20 20 20	120 120 120 	200 200 200	  55 60 66	    67 73 80	  255 255 250	 254 128 1	1.00 1.00 1.00    190 200 15	2000.00 -30 3.00   71 78 86 	 71 78 86	     121 148 169 240	195 100 107 123	  195 105 114 134	255 180 180 0.03
//
//////////// CLOUDY_VEGAS
//Amb			Amb_Obj	Dir			Sky top			Sky bot		SunCore		SunCorona	SunSz	SprSz	SprBght	Shdw	LightShd	PoleShd	FarClp	FogSt	LightOnGround	LowCloudsRGB	BottomCloudRGB	WaterRGBA			Alpha1	RGB1			Alpha2	RGB2		CloudAlpha		Illumination
//Midnight
13 13 13	135 135 135     200 200 200	  40 40 40	     60 60 60        255 255 255	 255 255 255	0.50 0.30 1.00    190 200 15	2000.00 -30 3.00   35 35 35    35 35 35	   121 148 169 240 	195 140 140 140	  195 135 135 135	255 200 200 0.03
//5AM
13 13 13	135 135 135 	200 200 200   40 40 40	     60 60 60	     255 255 255	 255 255 255	0.50 0.30 1.00    190 200 15	2000.00 -30 2.50   35 35 35    35 35 35	   121 148 169 240	195 140 140 140	  195 135 135 135	255 200 200 0.03
//6AM
14 14 14    145 145 145 	220 220 220	  110 110 110    120 120 120	 255 255 255	 255 255 255	0.50 0.30 1.00    190 200 15	2000.00 -30 2.00   79 79 79	   79 79 79    121 148 169 240	195 140 140 140	  195 145 145 145 	255 255 255 0.03
//7AM
20 20 20	170 170 170	    220 220 220	  112 112 112    130 130 130     255 255 255	 255 255 255	0.50 0.30 1.00    190 200 15	2000.00 -25 0.80   79 79 79	   79 79 79	   121 148 169 240	195 140 140 140   195 170 170 170	255 255 255 0.03
//Midday
20 20 20	170 170 170 	220 220 220	  112 112 112    130 130 130	 255 255 255	 255 255 255	0.50 0.30 1.00    190 200 15	2000.00 -25 0.00   79 79 79	   79 79 79	   121 148 169 240	195 140 140 140	  195 170 170 170	255 255 255 0.03
//7PM
20 20 20	170 170 170  	220 220 220	  112 112 112    130 130 130	 255 255 255	 255 255 255	0.50 0.30 1.00    190 200 15	2000.00 -25 0.60   79 79 79	   79 79 79	   121 148 169 240	195 140 140 140   195 170 170 170	255 255 255 0.03
//8PM
14 14 14	150 150 150 	220 220 220	  110 110 110    120 120 120	 255 255 255	 255 255 255	0.50 0.30 1.00    190 200 15	2000.00 -30 2.50   79 79 79	   79 79 79    121 148 169 240	195 140 140 140	  195 150 150 150	255 255 255 0.03
//10PM
13 13 13	135 135 135 	200 200 200	  40 40 40	     60 60 60	     255 255 255	 255 255 255	0.50 0.30 1.00    190 200 15	2000.00 -30 3.00   35 35 35    35 35 35	   121 148 169 240	195 140 140 140	  195 135 135 135	255 200 200 0.03
//
//////////// EXTRASUNNY_COUNTRYSIDE
//Amb			Amb_Obj	Dir			Sky top			Sky bot		SunCore		SunCorona	SunSz	SprSz	SprBght	Shdw	LightShd	PoleShd	FarClp	FogSt	LightOnGround	LowCloudsRGB	BottomCloudRGB	WaterRGBA			Alpha1	RGB1			Alpha2	RGB2		CloudAlpha		Illumination
//Midnight
20 20 20	120 120 120     200 200 200	  55 60 66	    67 73 80      255 255 250	 254 128 1	1.00 1.00 1.00    190 200 15	2000.00 -30 3.00   71 78 86 	 71 78 86	     121 148 169 240 	195 100 107 123	  195 105 114 134	255 180 180 0.03
//5AM
20 20 20	120 120 120 	200 200 200   55 60 66	    67 73 80	  255 255 250	 254 128 1	1.00 1.00 1.00    190 200 15	2000.00 -30 2.50   71 78 86 	 71 78 86	     121 148 169 240	195 100 107 123	  195 105 114 134	255 180 180 0.03
//6AM
25 25 25    170 170 170 	235 235 235	  166 155 135   184 158 131	  255 255 250	 254 128 1	4.50 1.00 1.00    190 200 15	2000.00 -30 2.00   158 133 91	 158 133 91	     121 148 169 240	195 189 165 140	  195 195 161 114 	255 255 255 0.03
//7AM
35 35 35	170 170 170	    255 255 255	  73 106 140    159 166 181   255 255 250	 254 128 1	3.20 1.00 1.00    190 200 15	2000.00 -25 0.80   255 255 255	 225 225 225	 121 148 169 240	195 160 160 160   195 125 137 149	255 255 255 0.03
//Midday
36 36 36	170 170 170 	255 255 255	  73 106 140    159 166 181	  255 255 250	 254 128 1	3.20 1.00 1.00    190 200 15	2000.00 -25 0.00   255 255 255	 255 255 255	 121 148 169 240	195 160 160 160	  195 125 137 149	255 255 255 0.03
//7PM
36 36 36	170 170 170  	255 255 255	  73 99 125     172 147 122	  255 255 250	 254 128 1	3.20 1.00 1.00    190 200 15	2000.00 -25 0.60   244 145 110	 244 145 110	 121 148 169 240	195 160 160 160   195 125 137 149	255 255 255 0.03
//8PM
20 20 20	150 150 150 	235 235 235	  171 103 150   180 152 113	  255 255 250	 254 128 1	3.50 1.00 1.00    190 200 15	2000.00 -30 2.50   147 94 157	 147 94 157 	 121 148 169 240	195 189 165 140	  195 195 161 114	255 255 255 0.03
//10PM
20 20 20	120 120 120 	200 200 200	  55 60 66	    67 73 80	  255 255 250	 254 128 1	1.00 1.00 1.00    190 200 15	2000.00 -30 3.00   71 78 86 	 71 78 86	     121 148 169 240	195 100 107 123	  195 105 114 134	255 180 180 0.03
//
//////////// SUNNY_COUNTRYSIDE
//Amb			Amb_Obj	Dir			Sky top			Sky bot		SunCore		SunCorona	SunSz	SprSz	SprBght	Shdw	LightShd	PoleShd	FarClp	FogSt	LightOnGround	LowCloudsRGB	BottomCloudRGB	WaterRGBA			Alpha1	RGB1			Alpha2	RGB2		CloudAlpha		Illumination
//Midnight
13 13 13	135 135 135     200 200 200	  50 53 56	    70 72 77      255 255 250	 254 128 1	1.00 1.00 1.00    190 200 15	2000.00 -30 3.00   40 42 45 	 40 42 45	     121 148 169 240 	195 101 107 113	  195 100 114 128	255 200 200 0.03
//5AM
13 13 13	135 135 135 	200 200 200   50 53 56	    70 72 77	  255 255 250	 254 128 1	1.00 1.00 1.00    190 200 15	2000.00 -30 2.50   40 42 45 	 40 42 45	     121 148 169 240	195 101 107 113	  195 100 114 128	255 200 200 0.03
//6AM
30 30 30    145 145 145 	255 255 255	  116 121 118   187 164 127	  255 255 250	 254 128 1	4.50 1.00 1.00    190 200 15	2000.00 -30 2.00   192 165 121	 192 165 121     121 148 169 240	195 170 151 130	  195 195 161 114 	255 255 255 0.03
//7AM
35 35 35	170 170 170	    255 255 255	  70 87 111     162 170 182   255 255 250	 254 128 1	3.20 1.00 1.00    190 200 15	2000.00 -25 0.80   255 255 255	 225 225 225	 121 148 169 240	195 190 190 190   195 112 126 142	255 255 255 0.03
//Midday
35 35 35	170 170 170 	255 255 255	  77 97 126     159 170 187	  255 255 250	 254 128 1	3.20 1.00 1.00    190 200 15	2000.00 -25 0.00   255 255 255	 255 255 255	 121 148 169 240	195 190 190 190	  195 112 126 142	255 255 255 0.03
//7PM
25 25 25	170 170 170  	255 255 255	  59 75 98      182 146 96	  255 255 250	 254 128 1	3.20 1.00 1.00    190 200 15	2000.00 -25 0.60   232 148 119	 232 148 119	 121 148 169 240	195 190 190 190   195 112 123 142	255 255 255 0.03
//8PM
15 15 15	150 150 150 	255 255 255	  158 137 138   117 94 124	  255 255 250	 254 128 1	3.50 1.00 1.00    190 200 15	2000.00 -30 2.50   221 177 140	 221 177 140 	 121 148 169 240	195 160 129 149	  195 133 104 150	255 255 255 0.03
//10PM
13 13 13	135 135 135 	200 200 200	  50 53 56	    70 72 77	  255 255 250	 254 128 1	1.00 1.00 1.00    190 200 15	2000.00 -30 3.00   40 42 45 	 40 42 45	     121 148 169 240	195 101 107 113	  195 100 114 128	255 200 200 0.03
//
//////////// CLOUDY_COUNTRYSIDE
//Amb			Amb_Obj	Dir			Sky top			Sky bot		SunCore		SunCorona	SunSz	SprSz	SprBght	Shdw	LightShd	PoleShd	FarClp	FogSt	LightOnGround	LowCloudsRGB	BottomCloudRGB	WaterRGBA			Alpha1	RGB1			Alpha2	RGB2		CloudAlpha		Illumination
//Midnight
13 13 13	135 135 135     200 200 200	  40 40 40	     60 60 60        255 255 255	 255 255 255	0.50 0.30 1.00    190 200 15	2000.00 -30 3.00   35 35 35    35 35 35	   121 148 169 240 	195 140 140 140	  195 135 135 135	255 200 200 0.03
//5AM
13 13 13	135 135 135 	200 200 200   40 40 40	     60 60 60	     255 255 255	 255 255 255	0.50 0.30 1.00    190 200 15	2000.00 -30 2.50   35 35 35    35 35 35	   121 148 169 240	195 140 140 140	  195 135 135 135	255 200 200 0.03
//6AM
14 14 14    145 145 145 	220 220 220	  110 110 110    120 120 120	 255 255 255	 255 255 255	0.50 0.30 1.00    190 200 15	2000.00 -30 2.00   79 79 79	   79 79 79    121 148 169 240	195 140 140 140	  195 145 145 145 	255 255 255 0.03
//7AM
20 20 20	170 170 170	    220 220 220	  112 112 112    130 130 130     255 255 255	 255 255 255	0.50 0.30 1.00    190 200 15	2000.00 -25 0.80   79 79 79	   79 79 79	   121 148 169 240	195 140 140 140   195 170 170 170	255 255 255 0.03
//Midday
20 20 20	170 170 170 	220 220 220	  112 112 112    130 130 130	 255 255 255	 255 255 255	0.50 0.30 1.00    190 200 15	2000.00 -25 0.00   79 79 79	   79 79 79	   121 148 169 240	195 140 140 140	  195 170 170 170	255 255 255 0.03
//7PM
20 20 20	170 170 170  	220 220 220	  112 112 112    130 130 130	 255 255 255	 255 255 255	0.50 0.30 1.00    190 200 15	2000.00 -25 0.60   79 79 79	   79 79 79	   121 148 169 240	195 140 140 140   195 170 170 170	255 255 255 0.03
//8PM
14 14 14	150 150 150 	220 220 220	  110 110 110    120 120 120	 255 255 255	 255 255 255	0.50 0.30 1.00    190 200 15	2000.00 -30 2.50   79 79 79	   79 79 79    121 148 169 240	195 140 140 140	  195 150 150 150	255 255 255 0.03
//10PM
13 13 13	135 135 135 	200 200 200	  40 40 40	     60 60 60	     255 255 255	 255 255 255	0.50 0.30 1.00    190 200 15	2000.00 -30 3.00   35 35 35    35 35 35	   121 148 169 240	195 140 140 140	  195 135 135 135	255 200 200 0.03
//
//////////// RAINY_COUNTRYSIDE
//Amb			Amb_Obj	Dir			Sky top			Sky bot		SunCore		SunCorona	SunSz	SprSz	SprBght	Shdw	LightShd	PoleShd	FarClp	FogSt	LightOnGround	LowCloudsRGB	BottomCloudRGB	WaterRGBA			Alpha1	RGB1			Alpha2	RGB2		CloudAlpha		Illumination
//Midnight
13 13 13	135 135 135     200 200 200	  40 40 40	     60 60 60    255 255 255	 255 255 255	0.00 0.00 0.00    190 200 15	2000.00 -30 3.00   35 35 35    35 35 35	   121 148 169 240 	195 140 140 140	  195 135 135 135	255 200 200 1.0
//5AM
13 13 13	135 135 135 	200 200 200   40 40 40	     60 60 60	 255 255 255	 255 255 255	0.00 0.00 0.00    190 200 15	2000.00 -30 2.50   35 35 35    35 35 35	   121 148 169 240	195 140 140 140	  195 135 135 135	255 200 200 1.0
//6AM
14 14 14    145 145 145 	220 220 220	  60 60 58    127 128 126	 255 255 255	 255 255 255	0.00 0.00 0.00    190 200 15	2000.00 -30 2.00   79 79 79	   79 79 79    121 148 169 240	195 140 140 140	  195 145 145 145 	255 255 255 1.0
//7AM
20 20 20	170 170 170	    220 220 220	  64 64 62    131 130 128    255 255 255	 255 255 255	0.00 0.00 0.00    190 200 15	2000.00 -25 0.80   79 79 79	   79 79 79	   121 148 169 240	195 140 140 140   195 170 170 170	255 255 255 1.0
//Midday
20 20 20	170 170 170 	220 220 220	  64 64 62    131 130 128	 255 255 255	 255 255 255	0.00 0.00 0.00    190 200 15	2000.00 -25 0.00   79 79 79	   79 79 79	   121 148 169 240	195 140 140 140	  195 170 170 170	255 255 255 1.0
//7PM
20 20 20	170 170 170  	220 220 220	  64 64 62    131 130 128	 255 255 255	 255 255 255	0.00 0.00 0.00    190 200 15	2000.00 -25 0.60   79 79 79	   79 79 79	   121 148 169 240	195 140 140 140   195 170 170 170	255 255 255 1.0
//8PM
14 14 14	150 150 150 	220 220 220	  60 60 58    127 128 126	 255 255 255	 255 255 255	0.00 0.00 0.00    190 200 15	2000.00 -30 2.50   79 79 79	   79 79 79    121 148 169 240	195 140 140 140	  195 150 150 150	255 255 255 1.0
//10PM
13 13 13	135 135 135 	200 200 200	  40 40 40	     60 60 60	 255 255 255	 255 255 255	0.00 0.00 0.00    190 200 15	2000.00 -30 3.00   35 35 35    35 35 35	   121 148 169 240	195 140 140 140	  195 135 135 135	255 200 200 1.0
//
//////////// EXTRASUNNY_DESERT
//Amb			Amb_Obj	Dir			Sky top			Sky bot		SunCore		SunCorona	SunSz	SprSz	SprBght	Shdw	LightShd	PoleShd	FarClp	FogSt	LightOnGround	LowCloudsRGB	BottomCloudRGB	WaterRGBA			Alpha1	RGB1			Alpha2	RGB2		CloudAlpha		Illumination
//Midnight
20 20 20	120 120 120     200 200 200	  55 60 66	    67 73 80      255 255 250	 254 128 1	1.00 1.00 1.00    190 200 15	2000.00 -30 3.00   71 78 86 	 71 78 86	     121 148 169 240 	195 100 107 123	  195 105 114 134	255 180 180 0.03
//5AM
20 20 20	120 120 120 	200 200 200   55 60 66	    67 73 80	  255 255 250	 254 128 1	1.00 1.00 1.00    190 200 15	2000.00 -30 2.50   71 78 86 	 71 78 86	     121 148 169 240	195 100 107 123	  195 105 114 134	255 180 180 0.03
//6AM
25 25 25    170 170 170 	235 235 235	  166 155 135   184 158 131	  255 255 250	 254 128 1	4.50 1.00 1.00    190 200 15	2000.00 -30 2.00   158 133 91	 158 133 91	     121 148 169 240	195 189 165 140	  195 195 161 114 	255 255 255 0.03
//7AM
35 35 35	170 170 170	    255 255 255	  73 106 140    159 166 181   255 255 250	 254 128 1	3.20 1.00 1.00    190 200 15	2000.00 -25 0.80   255 255 255	 225 225 225	 121 148 169 240	195 160 160 160   195 125 137 149	255 255 255 0.03
//Midday
36 36 36	170 170 170 	255 255 255	  73 106 140    159 166 181	  255 255 250	 254 128 1	3.20 1.00 1.00    190 200 15	2000.00 -25 0.00   255 255 255	 255 255 255	 121 148 169 240	195 160 160 160	  195 125 137 149	255 255 255 0.03
//7PM
36 36 36	170 170 170  	255 255 255	  73 99 125     172 147 122	  255 255 250	 254 128 1	3.20 1.00 1.00    190 200 15	2000.00 -25 0.60   244 145 110	 244 145 110	 121 148 169 240	195 160 160 160   195 125 137 149	255 255 255 0.03
//8PM
20 20 20	150 150 150 	235 235 235	  171 103 150   180 152 113	  255 255 250	 254 128 1	3.50 1.00 1.00    190 200 15	2000.00 -30 2.50   147 94 157	 147 94 157 	 121 148 169 240	195 189 165 140	  195 195 161 114	255 255 255 0.03
//10PM
20 20 20	120 120 120 	200 200 200	  55 60 66	    67 73 80	  255 255 250	 254 128 1	1.00 1.00 1.00    190 200 15	2000.00 -30 3.00   71 78 86 	 71 78 86	     121 148 169 240	195 100 107 123	  195 105 114 134	255 180 180 0.03
//
//////////// SUNNY_DESERT
//Amb			Amb_Obj	Dir			Sky top			Sky bot		SunCore		SunCorona	SunSz	SprSz	SprBght	Shdw	LightShd	PoleShd	FarClp	FogSt	LightOnGround	LowCloudsRGB	BottomCloudRGB	WaterRGBA			Alpha1	RGB1			Alpha2	RGB2		CloudAlpha		Illumination
//Midnight
13 13 13	135 135 135     200 200 200	  50 53 56	    70 72 77      255 255 250	 254 128 1	1.00 1.00 1.00    190 200 15	2000.00 -30 3.00   40 42 45 	 40 42 45	     121 148 169 240 	195 101 107 113	  195 100 114 128	255 200 200 0.03
//5AM
13 13 13	135 135 135 	200 200 200   50 53 56	    70 72 77	  255 255 250	 254 128 1	1.00 1.00 1.00    190 200 15	2000.00 -30 2.50   40 42 45 	 40 42 45	     121 148 169 240	195 101 107 113	  195 100 114 128	255 200 200 0.03
//6AM
30 30 30    145 145 145 	255 255 255	  116 121 118   187 164 127	  255 255 250	 254 128 1	4.50 1.00 1.00    190 200 15	2000.00 -30 2.00   192 165 121	 192 165 121     121 148 169 240	195 170 151 130	  195 195 161 114 	255 255 255 0.03
//7AM
35 35 35	170 170 170	    255 255 255	  70 87 111     162 170 182   255 255 250	 254 128 1	3.20 1.00 1.00    190 200 15	2000.00 -25 0.80   255 255 255	 225 225 225	 121 148 169 240	195 190 190 190   195 112 126 142	255 255 255 0.03
//Midday
35 35 35	170 170 170 	255 255 255	  77 97 126     159 170 187	  255 255 250	 254 128 1	3.20 1.00 1.00    190 200 15	2000.00 -25 0.00   255 255 255	 255 255 255	 121 148 169 240	195 190 190 190	  195 112 126 142	255 255 255 0.03
//7PM
25 25 25	170 170 170  	255 255 255	  59 75 98      182 146 96	  255 255 250	 254 128 1	3.20 1.00 1.00    190 200 15	2000.00 -25 0.60   232 148 119	 232 148 119	 121 148 169 240	195 190 190 190   195 112 123 142	255 255 255 0.03
//8PM
15 15 15	150 150 150 	255 255 255	  158 137 138   117 94 124	  255 255 250	 254 128 1	3.50 1.00 1.00    190 200 15	2000.00 -30 2.50   221 177 140	 221 177 140 	 121 148 169 240	195 160 129 149	  195 133 104 150	255 255 255 0.03
//10PM
13 13 13	135 135 135 	200 200 200	  50 53 56	    70 72 77	  255 255 250	 254 128 1	1.00 1.00 1.00    190 200 15	2000.00 -30 3.00   40 42 45 	 40 42 45	     121 148 169 240	195 101 107 113	  195 100 114 128	255 200 200 0.03
//
//////////// SANDSTORM_DESERT
//Amb			Amb_Obj	Dir			Sky top			Sky bot		SunCore		SunCorona	SunSz	SprSz	SprBght	Shdw	LightShd	PoleShd	FarClp	FogSt	LightOnGround	LowCloudsRGB	BottomCloudRGB	WaterRGBA			Alpha1	RGB1			Alpha2	RGB2		CloudAlpha		Illumination
//Midnight
13 13 13	135 135 135     200 200 200	  40 40 40	     60 60 60        255 255 255	 255 255 255	0.50 0.00 0.00    190 200 15	2000.00 -30 3.00   35 35 35        35 35 35	       121 148 169 240 	195 140 140 140	  195 135 135 135	255 200 200 0.3
//5AM
13 13 13	135 135 135 	200 200 200   40 40 40	     60 60 60	     255 255 255	 255 255 255	0.50 0.00 0.00    190 200 15	2000.00 -30 2.50   35 35 35        35 35 35	       121 148 169 240	195 140 140 140	  195 135 135 135	255 200 200 0.3
//6AM
14 14 14    145 145 145 	220 220 220	  148 137 116    161 159 154	 255 255 255	 255 255 255	0.00 0.00 0.00    190 200 15	2000.00 -30 2.00   178 152 122	   178 152 122     121 148 169 240	195 183 146 106	  195 169 151 121 	255 255 255 0.3
//7AM
15 15 15	170 170 170	    220 220 220	  154 144 125    171 169 164     255 255 255	 255 255 255	0.00 0.00 0.00    190 200 15	2000.00 -25 0.80   178 152 122	   178 152 122	   121 148 169 240	195 200 164 124   195 177 162 133	255 255 255 0.3
//Midday
15 15 15	170 170 170 	220 220 220	  154 144 125    171 169 164	 255 255 255	 255 255 255	0.00 0.00 0.00    190 200 15	2000.00 -25 0.00   178 152 122	   178 152 122	   121 148 169 240	195 200 164 124	  195 177 162 133	255 255 255 0.3
//7PM
15 15 15	170 170 170  	220 220 220	  154 144 125    171 169 164	 255 255 255	 255 255 255	0.00 0.00 0.00    190 200 15	2000.00 -25 0.60   178 152 122	   178 152 122	   121 148 169 240	195 200 164 124   195 177 162 133	255 255 255 0.3
//8PM
14 14 14	150 150 150 	220 220 220	  148 137 116    161 159 154	 255 255 255	 255 255 255	0.00 0.00 0.00    190 200 15	2000.00 -30 2.50   178 152 122	   178 152 122     121 148 169 240	195 183 146 106	  195 169 151 121	255 255 255 0.3
//10PM
13 13 13	135 135 135 	200 200 200	  40 40 40	     60 60 60	     255 255 255	 255 255 255	0.50 0.00 0.00    190 200 15	2000.00 -30 3.00   35 35 35        35 35 35	       121 148 169 240	195 140 140 140	  195 135 135 135	255 200 200 0.3
//
//////////// UNDERWATER
//Amb			Amb_Obj	Dir			Sky top			Sky bot		SunCore		SunCorona	SunSz	SprSz	SprBght	Shdw	LightShd	PoleShd	FarClp	FogSt	LightOnGround	LowCloudsRGB	BottomCloudRGB	WaterRGBA			Alpha1	RGB1			Alpha2	RGB2		CloudAlpha
//Midnight
21 21 21	135 173 197 	255 255 255	  10 10 10	 20 20 20	0 0 0	0 0 0	1.00 1.00 1.00 200 100 0	300.00 5.00 1.00   30 20 0	    0 0 0	121 148 169 240	 255 100 110 123  255 33 42 53	255 0 0
//5AM
21 21 21	135 173 197 	255 255 255	  10 10 10	 20 20 20	0 0 0	0 0 0	0.00 1.00 1.00 200 100 0	300.00 5.00 1.00   70 27 10	    0 0 0	121 148 169 240	 255 100 110 123  255 33 42 53	255 0 0
//6AM
21 21 21	135 173 197 	255 255 255	  10 10 10	 20 20 20	0 0 0	0 0 0	3.40 0.90 0.90 200 100 0	300.00 5.00 0.90   100 34 25	0 0 0	121 148 169 240	 255 109 123 143  255 33 42 53	255 0 100
//7AM
21 21 21	135 173 197 	255 255 255	  40 40 40	 50 50 50	0 0 0	0 0 0	2.50 0.70 0.80 200 100 0	300.00 5.00 0.80   120 40 40	0 0 0	121 148 169 240	 255 109 123 143  255 31 49 70	255 0 0
//Midday
21 21 21	186 186 186 	255 255 255	  80 80 80	 70 70 70	0 0 0	0 0 0	1.00 0.50 0.70 200 100 0	300.00 5.00 0.70   120 100 100	0 0 0	121 148 169 240	 255 109 123 143  255 31 49 70	255 0 0
//7PM
21 21 21	135 173 193 	255 255 255	  80 80 80	 70 70 70	0 0 0	0 0 0	3.50 1.00 1.00 200 100 0	300.00 5.00 0.90   120 40 40	0 0 0	121 148 169 240	 255 109 123 143  255 31 49 70	255 0 0
//8PM
21 21 21	167 198 223 	255 255 255	  40 40 40	 70 70 70	0 0 0	0 0 0	2.00 1.00 1.00 200 100 0	300.00 5.00 1.00   120 40 40	0 0 0	121 148 169 240	 255 103 116 136  255 33 42 53	255 0 0
//10PM
21 21 21	167 198 223 	255 255 255	  40 40 40	 50 50 50	0 0 0	0 0 0	1.00 1.00 1.00 200 100 0	300.00 5.00 1.00   70 27 10	    0 0 0	121 148 169 240	 255 100 110 123  255 33 42 53	255 0 0
//
//////////// EXTRACOLOURS_1
//Amb			Amb_Obj	Dir			Sky top			Sky bot		SunCore		SunCorona	SunSz	SprSz	SprBght	Shdw	LightShd	PoleShd	FarClp	FogSt	LightOnGround	LowCloudsRGB	BottomCloudRGB	WaterRGBA			Alpha1	RGB1			Alpha2	RGB2		CloudAlpha
//Midnight
0 0 0	166 166 166	255 255 255	255 255 255	5 5 5	255 255 0	5 0 0	1.00 1.00 1.00 200 100 0	400.00 100.00 1.00 30 20 0	3 3 3	85 85 65 192	255 64 64 41	255 64 64 64	0 0 0
//5AM
0 0 0	121 122 122	255 255 255	1 1 1	5 5 5	255 255 0	5 0 0	1.00 0.40 1.00 200 100 0	400.00 100.00 1.00 30 20 0	3 3 3	65 85 65 147	255 64 64 43	255 73 69 64	0 0 0
//6AM
0 0 0	50 50 50	255 255 255	255 255 255	5 5 5	255 255 0	5 0 0	1.00 1.00 1.00 200 100 0	400.00 100.00 1.00 30 20 0	3 3 3	85 85 65 192	255 64 64 64	255 64 64 64	0 0 0
//7AM
0 0 0	180 180 180	255 255 255	1 1 1	5 5 5	255 255 0	5 0 0	1.00 1.00 1.00 200 100 0	400.00 100.00 1.00 30 20 0	3 3 3	85 85 65 192	255 64 64 46	255 65 64 64	0 0 0
//Midday
8 2 4	22 22 22	255 255 255	255 255 255	5 5 5	255 255 0	5 0 0	1.00 1.00 1.00 200 100 0	400.00 100.00 1.00 30 20 0	3 3 3	85 85 65 192	255 87 64 85	255 64 33 33	0 0 0
//7PM
7 9 2	54 55 55	255 255 255	255 255 255	5 5 5	255 255 0	5 0 0	1.00 1.00 1.00 200 100 0	400.00 100.00 1.00 30 20 0	3 3 3	85 85 65 192	255 44 64 87	255 99 99 99	0 0 0
//8PM
0 0 0	20 20 20	255 255 255	255 255 255	5 5 5	255 255 0	5 0 0	1.00 1.00 1.00 200 100 0	400.00 100.00 1.00 30 20 0	3 3 3	85 85 65 192	255 64 64 64	255 64 146 64	0 0 0
//10PM
0 0 0	20 20 20	255 255 255	255 255 255	5 5 5	255 255 0	5 0 0	1.00 0.40 0.50 200 100 0	400.00 100.00 1.00 30 20 0	3 3 3	85 85 65 192	255 64 64 64	255 96 92 64	0 0 0
//
//////////// EXTRACOLOURS_2
//Amb			Amb_Obj	Dir			Sky top			Sky bot		SunCore		SunCorona	SunSz	SprSz	SprBght	Shdw	LightShd	PoleShd	FarClp	FogSt	LightOnGround	LowCloudsRGB	BottomCloudRGB	WaterRGBA			Alpha1	RGB1			Alpha2	RGB2		CloudAlpha
//Midnight
0 0 0	99 99 99	255 255 255	255 255 255	5 5 5	255 255 0	5 0 0	1.00 1.00 1.00 200 100 0	400.00 100.00 1.00 30 20 0	3 3 3	85 85 65 192	255 61 53 30	255 64 64 64	0 0 0
//5AM
30 30 30	20 20 20	255 255 255	255 255 255	5 5 5	255 255 0	5 0 0	1.00 1.00 1.00 200 100 0	400.00 100.00 1.00 30 20 0	3 3 3	85 85 65 192	255 64 64 64	255 64 73 80	0 0 0
//6AM
0 0 0	20 20 20	255 255 255	255 255 255	50 5 50	255 255 0	5 0 0	1.00 1.00 1.00 200 100 0	78.00 50.00 1.00 30 20 0	3 3 3	85 85 65 192	255 64 16 64	255 64 64 64	0 0 0
//7AM
0 0 0	133 133 133	255 255 255	255 255 255	0 0 0	0 0 0	5 0 0	1.00 1.00 1.00 200 0 0	400.00 100.00 1.00 30 20 0	3 3 3	85 85 65 192	255 64 64 64	255 64 64 64	0 0 0
//Midday
0 0 0	0 0 0	255 255 255	255 255 255	0 0 0	0 0 0	5 0 0	1.00 1.00 1.00 200 0 0	400.00 100.00 1.00 30 20 0	3 3 3	85 85 65 192	255 44 44 44	255 33 64 64	234 0 0
//7PM
0 0 0	20 20 20	255 255 255	255 255 255	5 5 5	255 255 0	5 0 0	1.00 1.00 1.00 200 100 0	400.00 100.00 1.00 30 20 0	3 3 3	85 85 65 192	255 64 64 64	255 64 146 64	0 0 0
//8PM
0 0 0	50 50 50	255 255 255	255 255 255	5 5 5	255 255 0	5 0 0	1.00 1.00 1.00 200 100 0	400.00 100.00 1.00 30 20 0	3 3 3	85 85 65 192	255 64 64 64	255 64 64 64	0 0 0
//10PM
0 0 0	190 180 180	255 255 255	1 1 1	5 5 5	255 255 0	5 0 0	1.00 1.00 1.00 200 100 0	400.00 100.00 1.00 30 20 0	3 3 3	85 85 65 192	255 64 64 64	255 64 64 40	0 0 0
//


//SANDOS GAME🔥